0 0.734375 0.871296 0.732812 0.832407 0.732812 0.805556 0.732292 0.781481 0.736979 0.778704 0.742708 0.770370 0.740104 0.787963 0.750000 0.804630 0.750000 0.812963 0.744792 0.811111 0.742708 0.798148 0.739062 0.791667 0.739062 0.810185 0.739062 0.832407 0.740104 0.858333 0.741667 0.870370 0.734375 0.870370
3 0.531771 0.657407 0.544792 0.650926 0.536979 0.648148 0.541146 0.632407 0.531250 0.619444 0.532813 0.608333 0.526563 0.606481 0.522917 0.591667 0.520833 0.598148 0.525000 0.607407 0.520833 0.612963 0.528646 0.622222 0.526042 0.632407 0.533333 0.645370 0.531771 0.657407
3 0.546875 0.630556 0.554688 0.641667 0.557292 0.632407 0.554688 0.623148 0.561458 0.609259 0.558854 0.601852 0.550521 0.606481 0.551042 0.619444 0.551042 0.625000 0.546875 0.628704
3 0.525000 0.675926 0.533854 0.671296 0.528646 0.662963 0.520833 0.629630 0.508854 0.602778 0.504167 0.625000 0.525000 0.659259 0.523438 0.676852
3 0.565625 0.654630 0.578125 0.672222 0.579167 0.657407 0.598437 0.663889 0.599479 0.642593 0.584896 0.616667 0.581771 0.622222 0.577083 0.648148 0.565625 0.653704 0.565104 0.653704
3 0.602604 0.671296 0.597917 0.655556 0.601562 0.650926 0.597917 0.627778 0.601562 0.626852 0.602604 0.632407 0.603125 0.648148 0.607812 0.654630 0.604167 0.669444
3 0.661979 0.732407 0.675000 0.745370 0.680729 0.724074 0.671354 0.708333 0.666667 0.716667 0.669271 0.731481 0.660937 0.733333
3 0.693750 0.771296 0.702604 0.810185 0.707292 0.812037 0.704688 0.784259 0.710417 0.804630 0.730729 0.808333 0.733333 0.793519 0.729167 0.770370 0.719271 0.757407 0.703646 0.779630 0.693750 0.771296
3 0.475521 0.725000 0.493750 0.717593 0.510417 0.726852 0.498437 0.738889 0.496354 0.721296 0.488021 0.733333 0.473958 0.725000
1 0.524479 0.604630 0.523438 0.606481 0.522917 0.606481 0.522917 0.607407 0.522396 0.608333 0.522396 0.610185 0.521875 0.611111 0.521875 0.622222 0.521354 0.623148 0.520833 0.622222 0.520312 0.622222 0.518750 0.619444 0.517708 0.619444 0.516146 0.616667 0.516146 0.615741 0.515104 0.613889 0.514583 0.613889 0.514062 0.612963 0.513542 0.612963 0.510417 0.607407 0.508333 0.607407 0.507292 0.609259 0.507292 0.610185 0.506771 0.611111 0.506771 0.612963 0.506250 0.613889 0.506250 0.618519 0.505729 0.619444 0.505729 0.621296 0.506250 0.622222 0.506250 0.623148 0.507292 0.625000 0.507292 0.625926 0.507812 0.626852 0.507812 0.627778 0.508333 0.628704 0.508333 0.629630 0.508854 0.630556 0.508854 0.631481 0.509375 0.632407 0.509375 0.633333 0.510417 0.635185 0.510417 0.637963 0.510938 0.638889 0.510938 0.640741 0.511458 0.641667 0.511458 0.642593 0.511979 0.643519 0.511979 0.644444 0.512500 0.645370 0.512500 0.646296 0.513021 0.647222 0.513021 0.648148 0.515104 0.651852 0.515625 0.651852 0.517188 0.654630 0.517708 0.654630 0.518750 0.656481 0.518750 0.658333 0.519271 0.659259 0.519271 0.660185 0.519792 0.661111 0.519792 0.662963 0.519271 0.663889 0.518750 0.663889 0.518229 0.664815 0.517708 0.664815 0.517188 0.665741 0.511979 0.665741 0.511458 0.666667 0.507292 0.666667 0.506771 0.667593 0.504167 0.667593 0.503646 0.668519 0.501563 0.668519 0.500521 0.670370 0.500521 0.678704 0.501042 0.679630 0.501042 0.681481 0.501563 0.682407 0.501563 0.683333 0.502083 0.684259 0.502083 0.686111 0.502604 0.687037 0.502604 0.687963 0.503125 0.688889 0.503125 0.691667 0.501042 0.695370 0.499479 0.695370 0.498958 0.696296 0.494792 0.696296 0.494271 0.695370 0.493750 0.695370 0.493229 0.696296 0.492708 0.696296 0.492188 0.697222 0.492188 0.698148 0.492708 0.699074 0.493229 0.699074 0.494792 0.701852 0.494792 0.703704 0.495312 0.704630 0.495312 0.706481 0.494792 0.707407 0.494792 0.711111 0.494271 0.712037 0.493750 0.712037 0.493229 0.712963 0.491667 0.712963 0.491146 0.713889 0.490104 0.713889 0.489583 0.714815 0.489063 0.714815 0.488542 0.715741 0.488021 0.715741 0.485938 0.719444 0.485938 0.720370 0.485417 0.721296 0.485417 0.722222 0.484896 0.723148 0.484896 0.725926 0.486458 0.728704 0.486979 0.728704 0.487500 0.729630 0.488021 0.729630 0.489583 0.732407 0.493750 0.732407 0.495833 0.736111 0.495833 0.737037 0.496875 0.738889 0.496875 0.739815 0.497917 0.741667 0.498958 0.741667 0.499479 0.740741 0.500521 0.740741 0.501042 0.739815 0.502604 0.739815 0.503125 0.740741 0.503646 0.740741 0.505208 0.743519 0.505208 0.744444 0.505729 0.745370 0.505729 0.746296 0.507812 0.746296 0.508333 0.747222 0.510938 0.747222 0.511458 0.748148 0.514062 0.748148 0.514062 0.746296 0.514583 0.745370 0.514583 0.744444 0.515625 0.742593 0.516146 0.742593 0.516667 0.741667 0.518229 0.741667 0.518750 0.742593 0.519271 0.742593 0.519792 0.743519 0.520312 0.743519 0.520833 0.744444 0.523438 0.744444 0.523958 0.745370 0.525521 0.745370 0.526042 0.746296 0.526042 0.747222 0.525521 0.748148 0.525521 0.749074 0.525000 0.750000 0.521875 0.750000 0.521354 0.750926 0.516146 0.750926 0.515625 0.751852 0.515625 0.753704 0.516146 0.754630 0.516667 0.754630 0.517188 0.755556 0.518229 0.755556 0.520312 0.759259 0.520312 0.761111 0.520833 0.762037 0.521354 0.762037 0.521875 0.761111 0.521875 0.758333 0.522396 0.757407 0.522396 0.756481 0.523438 0.754630 0.523958 0.754630 0.524479 0.753704 0.527083 0.753704 0.527604 0.754630 0.528125 0.754630 0.529167 0.756481 0.529167 0.759259 0.530208 0.761111 0.530208 0.762037 0.530729 0.762963 0.530729 0.767593 0.531250 0.768519 0.531250 0.769444 0.531771 0.770370 0.531771 0.771296 0.532292 0.772222 0.532813 0.772222 0.533333 0.773148 0.533333 0.774074 0.532813 0.775000 0.531771 0.775000 0.531250 0.775926 0.527083 0.775926 0.526563 0.776852 0.525000 0.776852 0.524479 0.775926 0.522917 0.775926 0.522396 0.775000 0.521875 0.775000 0.521354 0.774074 0.519792 0.776852 0.519271 0.776852 0.518750 0.777778 0.517188 0.777778 0.516667 0.778704 0.515104 0.778704 0.514583 0.779630 0.509896 0.779630 0.509375 0.780556 0.507292 0.780556 0.507292 0.781481 0.507812 0.781481 0.508854 0.783333 0.509896 0.783333 0.510417 0.784259 0.510938 0.784259 0.511458 0.785185 0.511979 0.785185 0.513542 0.787963 0.515104 0.787963 0.515625 0.788889 0.516146 0.788889 0.516667 0.789815 0.516667 0.791667 0.517188 0.792593 0.517188 0.794444 0.518750 0.794444 0.519792 0.792593 0.521354 0.792593 0.521875 0.791667 0.523958 0.791667 0.524479 0.790741 0.525000 0.790741 0.526042 0.792593 0.526563 0.792593 0.527083 0.793519 0.527604 0.793519 0.528125 0.794444 0.528646 0.794444 0.529687 0.796296 0.529687 0.797222 0.530208 0.798148 0.530208 0.799074 0.531771 0.801852 0.531771 0.804630 0.532292 0.805556 0.532292 0.809259 0.533854 0.812037 0.533854 0.812963 0.534375 0.813889 0.534375 0.814815 0.534896 0.815741 0.534896 0.818519 0.535417 0.819444 0.535417 0.820370 0.537500 0.824074 0.537500 0.826852 0.538021 0.827778 0.538021 0.831481 0.538542 0.832407 0.538542 0.837037 0.539062 0.837963 0.539062 0.841667 0.539583 0.842593 0.539583 0.844444 0.540104 0.845370 0.540104 0.847222 0.540625 0.848148 0.540625 0.850000 0.541146 0.850926 0.541667 0.850926 0.542188 0.851852 0.543229 0.851852 0.543750 0.852778 0.544792 0.852778 0.546354 0.850000 0.546354 0.848148 0.546875 0.847222 0.546875 0.843519 0.547396 0.842593 0.547396 0.838889 0.547917 0.837963 0.547917 0.825926 0.550000 0.822222 0.550000 0.821296 0.550521 0.820370 0.550521 0.819444 0.551562 0.817593 0.552083 0.817593 0.552604 0.816667 0.553125 0.816667 0.553125 0.815741 0.554688 0.812963 0.555208 0.812963 0.555729 0.812037 0.561979 0.812037 0.562500 0.811111 0.564063 0.811111 0.564583 0.812037 0.565104 0.812037 0.565625 0.812963 0.566146 0.812963 0.567708 0.815741 0.568229 0.815741 0.568750 0.816667 0.571354 0.816667 0.571875 0.817593 0.571875 0.818519 0.572396 0.819444 0.572396 0.822222 0.574479 0.822222 0.575000 0.823148 0.577083 0.823148 0.577604 0.822222 0.578125 0.822222 0.578125 0.821296 0.578646 0.820370 0.578646 0.818519 0.579167 0.817593 0.579167 0.816667 0.579688 0.815741 0.579688 0.814815 0.580208 0.813889 0.580208 0.812037 0.580729 0.811111 0.580729 0.808333 0.581250 0.807407 0.581250 0.805556 0.581771 0.804630 0.581771 0.803704 0.582812 0.801852 0.582812 0.798148 0.582292 0.797222 0.582292 0.793519 0.582812 0.792593 0.582812 0.791667 0.583333 0.790741 0.583333 0.789815 0.583854 0.788889 0.583854 0.787037 0.582292 0.784259 0.582292 0.782407 0.581771 0.781481 0.581771 0.780556 0.582292 0.779630 0.582292 0.778704 0.584896 0.774074 0.585417 0.774074 0.585417 0.772222 0.584896 0.771296 0.584896 0.769444 0.583854 0.767593 0.583854 0.766667 0.585417 0.763889 0.585417 0.762963 0.585938 0.762037 0.585938 0.759259 0.586458 0.758333 0.586458 0.755556 0.587500 0.753704 0.587500 0.752778 0.588021 0.751852 0.588021 0.750926 0.588542 0.750000 0.588542 0.749074 0.590104 0.746296 0.590104 0.741667 0.589583 0.740741 0.589583 0.737037 0.590104 0.736111 0.590104 0.731481 0.589583 0.730556 0.589583 0.727778 0.589063 0.726852 0.589063 0.724074 0.588542 0.723148 0.588542 0.721296 0.588021 0.720370 0.588021 0.718519 0.587500 0.717593 0.587500 0.714815 0.585417 0.711111 0.585938 0.710185 0.585938 0.709259 0.586458 0.708333 0.586458 0.703704 0.585938 0.702778 0.585938 0.700926 0.584896 0.699074 0.584896 0.698148 0.584375 0.697222 0.584896 0.696296 0.584896 0.688889 0.584375 0.687963 0.584375 0.686111 0.583854 0.685185 0.583854 0.675926 0.582812 0.674074 0.582812 0.673148 0.581771 0.671296 0.581771 0.669444 0.581250 0.668519 0.581250 0.667593 0.580729 0.666667 0.580729 0.665741 0.580208 0.664815 0.580208 0.663889 0.579688 0.662963 0.579688 0.660185 0.579167 0.659259 0.579167 0.656481 0.578646 0.655556 0.577083 0.655556 0.576562 0.654630 0.576042 0.654630 0.575521 0.653704 0.575000 0.653704 0.574479 0.652778 0.572917 0.652778 0.572396 0.651852 0.571875 0.651852 0.571354 0.652778 0.569792 0.652778 0.569271 0.653704 0.567708 0.653704 0.566667 0.655556 0.566146 0.655556 0.566146 0.656481 0.562500 0.662963 0.562500 0.663889 0.560937 0.666667 0.560937 0.667593 0.560417 0.668519 0.558854 0.665741 0.558854 0.664815 0.556771 0.661111 0.556771 0.660185 0.556250 0.659259 0.556250 0.658333 0.555729 0.657407 0.555729 0.651852 0.556250 0.650926 0.556250 0.645370 0.556771 0.644444 0.556771 0.639815 0.557292 0.638889 0.557292 0.635185 0.557813 0.634259 0.557813 0.631481 0.558333 0.630556 0.558333 0.619444 0.558854 0.618519 0.558854 0.614815 0.559375 0.613889 0.558854 0.612963 0.558854 0.610185 0.558333 0.609259 0.558333 0.607407 0.557813 0.606481 0.557292 0.606481 0.556771 0.605556 0.554688 0.605556 0.554167 0.606481 0.552604 0.606481 0.550000 0.611111 0.550000 0.612037 0.548438 0.614815 0.547917 0.613889 0.546875 0.613889 0.546354 0.612963 0.544792 0.612963 0.544271 0.612037 0.543229 0.612037 0.542708 0.611111 0.541667 0.611111 0.541146 0.610185 0.540104 0.610185 0.539583 0.611111 0.539062 0.611111 0.538021 0.612963 0.537500 0.612963 0.536979 0.613889 0.536458 0.613889 0.535937 0.612963 0.535417 0.612963 0.534896 0.612037 0.534375 0.612037 0.532813 0.609259 0.532292 0.609259 0.531250 0.607407 0.530208 0.607407 0.529687 0.606481 0.527604 0.606481 0.527083 0.605556 0.526042 0.605556 0.525521 0.604630
1 0.583333 0.621296 0.582292 0.623148 0.582292 0.624074 0.581250 0.625926 0.581250 0.626852 0.580729 0.627778 0.580729 0.628704 0.580208 0.629630 0.580208 0.630556 0.579688 0.631481 0.579688 0.632407 0.579167 0.633333 0.579167 0.635185 0.578646 0.636111 0.578646 0.637963 0.578125 0.638889 0.578125 0.639815 0.577604 0.640741 0.577604 0.641667 0.577083 0.642593 0.577083 0.643519 0.576562 0.644444 0.576562 0.645370 0.576042 0.646296 0.576042 0.647222 0.575000 0.649074 0.575000 0.650000 0.572917 0.653704 0.572396 0.653704 0.571875 0.654630 0.569792 0.654630 0.569271 0.655556 0.568229 0.655556 0.567708 0.656481 0.567708 0.658333 0.567187 0.659259 0.567187 0.660185 0.566667 0.661111 0.566667 0.662037 0.566146 0.662963 0.566146 0.665741 0.565625 0.666667 0.565625 0.667593 0.564583 0.669444 0.564583 0.670370 0.564063 0.671296 0.564063 0.681481 0.563542 0.682407 0.563542 0.684259 0.564063 0.685185 0.564063 0.686111 0.564583 0.687037 0.564583 0.687963 0.565625 0.689815 0.565625 0.692593 0.566146 0.693519 0.566146 0.695370 0.567708 0.698148 0.567708 0.704630 0.568229 0.705556 0.568750 0.705556 0.569271 0.706481 0.569792 0.706481 0.570312 0.707407 0.570312 0.708333 0.570833 0.709259 0.570833 0.725926 0.571354 0.726852 0.571354 0.727778 0.572396 0.729630 0.572396 0.730556 0.572917 0.731481 0.572917 0.732407 0.572396 0.733333 0.572396 0.734259 0.570833 0.737037 0.570833 0.737963 0.570312 0.738889 0.570312 0.741667 0.568229 0.745370 0.568229 0.749074 0.568750 0.750000 0.568750 0.751852 0.569271 0.752778 0.568229 0.754630 0.568229 0.755556 0.567708 0.756481 0.567708 0.759259 0.567187 0.760185 0.567708 0.761111 0.567708 0.764815 0.568750 0.766667 0.568229 0.767593 0.568229 0.768519 0.567708 0.769444 0.567708 0.773148 0.563542 0.780556 0.563542 0.781481 0.564063 0.782407 0.564063 0.783333 0.565104 0.785185 0.565104 0.786111 0.565625 0.787037 0.565625 0.788889 0.566146 0.789815 0.566146 0.790741 0.566667 0.791667 0.566667 0.792593 0.567187 0.793519 0.567187 0.794444 0.567708 0.795370 0.567708 0.797222 0.568229 0.798148 0.568229 0.800000 0.569792 0.802778 0.569792 0.803704 0.570833 0.805556 0.570833 0.806481 0.571354 0.807407 0.571354 0.808333 0.571875 0.809259 0.571875 0.810185 0.573958 0.813889 0.573958 0.814815 0.576042 0.818519 0.576562 0.818519 0.577083 0.817593 0.578125 0.817593 0.578646 0.816667 0.580729 0.816667 0.581250 0.817593 0.591146 0.817593 0.591667 0.818519 0.592187 0.818519 0.594271 0.822222 0.594271 0.824074 0.594792 0.825000 0.594792 0.825926 0.595313 0.826852 0.595313 0.828704 0.595833 0.829630 0.595833 0.835185 0.596354 0.836111 0.596354 0.837037 0.596875 0.837963 0.596875 0.838889 0.597396 0.839815 0.597396 0.840741 0.597917 0.841667 0.597917 0.843519 0.598437 0.844444 0.598437 0.847222 0.598958 0.848148 0.598958 0.850926 0.599479 0.851852 0.599479 0.880556 0.600000 0.881481 0.600000 0.882407 0.600521 0.883333 0.600521 0.884259 0.601042 0.885185 0.601562 0.885185 0.602083 0.886111 0.604688 0.886111 0.605208 0.885185 0.606250 0.885185 0.606771 0.884259 0.606771 0.882407 0.607292 0.881481 0.607292 0.872222 0.607812 0.871296 0.607812 0.869444 0.608333 0.868519 0.608333 0.866667 0.608854 0.865741 0.608854 0.864815 0.609375 0.863889 0.609375 0.860185 0.609896 0.859259 0.609896 0.854630 0.610417 0.853704 0.610417 0.851852 0.610938 0.850926 0.610938 0.849074 0.611458 0.848148 0.611458 0.847222 0.612500 0.845370 0.612500 0.844444 0.613021 0.843519 0.613021 0.836111 0.613542 0.835185 0.613542 0.834259 0.614583 0.832407 0.616667 0.832407 0.618229 0.835185 0.618229 0.836111 0.618750 0.837037 0.619792 0.837037 0.620313 0.836111 0.621875 0.836111 0.621875 0.835185 0.622396 0.834259 0.622396 0.832407 0.622917 0.831481 0.622917 0.830556 0.623958 0.828704 0.625521 0.828704 0.626042 0.827778 0.627083 0.827778 0.628125 0.825926 0.628125 0.825000 0.628646 0.824074 0.628646 0.823148 0.629167 0.822222 0.629167 0.821296 0.629687 0.820370 0.629687 0.819444 0.631771 0.815741 0.631771 0.814815 0.632292 0.813889 0.632292 0.812963 0.633854 0.810185 0.634375 0.810185 0.634896 0.809259 0.635417 0.809259 0.638021 0.804630 0.638542 0.804630 0.639583 0.806481 0.639583 0.807407 0.640104 0.808333 0.640104 0.809259 0.640625 0.810185 0.640625 0.811111 0.641146 0.812037 0.641667 0.812037 0.642188 0.812963 0.642708 0.812963 0.643750 0.811111 0.644271 0.811111 0.644271 0.810185 0.644792 0.809259 0.644792 0.808333 0.645312 0.807407 0.645312 0.806481 0.645833 0.805556 0.645833 0.804630 0.646875 0.802778 0.646875 0.801852 0.647396 0.800926 0.647396 0.797222 0.647917 0.796296 0.647917 0.795370 0.649479 0.792593 0.650000 0.792593 0.650000 0.790741 0.651042 0.788889 0.651042 0.787963 0.651563 0.787037 0.651563 0.786111 0.652083 0.785185 0.652083 0.782407 0.652604 0.781481 0.652604 0.779630 0.653125 0.778704 0.653125 0.776852 0.653646 0.775926 0.653646 0.775000 0.654687 0.773148 0.655208 0.773148 0.655729 0.772222 0.657292 0.772222 0.658333 0.770370 0.658333 0.769444 0.659375 0.767593 0.659375 0.765741 0.658854 0.764815 0.658854 0.763889 0.658333 0.762963 0.658333 0.762037 0.653646 0.762037 0.652604 0.760185 0.651042 0.760185 0.650521 0.759259 0.650000 0.759259 0.648438 0.756481 0.648438 0.755556 0.647917 0.754630 0.647917 0.750926 0.648438 0.750000 0.648438 0.747222 0.648958 0.746296 0.648958 0.744444 0.649479 0.743519 0.649479 0.741667 0.650000 0.740741 0.650521 0.740741 0.651563 0.738889 0.652083 0.738889 0.652604 0.737963 0.653125 0.737963 0.653646 0.737037 0.654167 0.737037 0.654687 0.736111 0.655208 0.736111 0.655729 0.735185 0.656250 0.735185 0.656771 0.734259 0.657292 0.734259 0.657813 0.733333 0.658333 0.733333 0.658854 0.732407 0.660937 0.732407 0.661458 0.731481 0.661458 0.721296 0.660937 0.720370 0.660937 0.717593 0.660417 0.716667 0.660417 0.714815 0.659896 0.713889 0.659896 0.712037 0.658333 0.709259 0.658333 0.708333 0.657813 0.707407 0.657813 0.704630 0.656771 0.704630 0.656250 0.703704 0.654167 0.703704 0.653646 0.702778 0.653125 0.702778 0.650000 0.697222 0.648958 0.697222 0.648438 0.696296 0.647917 0.696296 0.647396 0.695370 0.646875 0.695370 0.646354 0.694444 0.645833 0.694444 0.645312 0.693519 0.644271 0.693519 0.643750 0.692593 0.643229 0.692593 0.642708 0.691667 0.642188 0.691667 0.641667 0.690741 0.641146 0.690741 0.640625 0.689815 0.640104 0.689815 0.639583 0.688889 0.639062 0.688889 0.638542 0.687963 0.638021 0.687963 0.637500 0.687037 0.636979 0.687037 0.634896 0.683333 0.634896 0.682407 0.634375 0.681481 0.634375 0.679630 0.633854 0.678704 0.633854 0.675000 0.634375 0.674074 0.634375 0.671296 0.634896 0.670370 0.634896 0.668519 0.635417 0.667593 0.635417 0.663889 0.635938 0.662963 0.635417 0.662037 0.635417 0.653704 0.635938 0.652778 0.635938 0.650000 0.636458 0.649074 0.636458 0.648148 0.635938 0.647222 0.635938 0.643519 0.635417 0.642593 0.635417 0.641667 0.634375 0.639815 0.634375 0.638889 0.633854 0.638889 0.633333 0.637963 0.632292 0.637963 0.631771 0.637037 0.631250 0.637037 0.630729 0.636111 0.629687 0.636111 0.629167 0.635185 0.627083 0.635185 0.626563 0.634259 0.626042 0.634259 0.625521 0.635185 0.619271 0.635185 0.618750 0.636111 0.618229 0.636111 0.617708 0.637037 0.617188 0.637037 0.616667 0.637963 0.616146 0.637963 0.615625 0.638889 0.615104 0.638889 0.613542 0.641667 0.613021 0.641667 0.610938 0.645370 0.609896 0.645370 0.609375 0.646296 0.607812 0.646296 0.607292 0.647222 0.606771 0.646296 0.606250 0.646296 0.604688 0.643519 0.604688 0.642593 0.604167 0.641667 0.604167 0.640741 0.603646 0.639815 0.603646 0.637963 0.603125 0.637037 0.603125 0.635185 0.602083 0.633333 0.602083 0.632407 0.601042 0.630556 0.600521 0.630556 0.599479 0.628704 0.598437 0.628704 0.597917 0.629630 0.594271 0.629630 0.593750 0.628704 0.593229 0.628704 0.592708 0.627778 0.592187 0.627778 0.591667 0.626852 0.590625 0.626852 0.590104 0.625926 0.589583 0.625926 0.589063 0.625000 0.588542 0.625000 0.588021 0.624074 0.587500 0.624074 0.586979 0.623148 0.585938 0.623148 0.585417 0.622222 0.584896 0.622222 0.584375 0.621296
1 0.656771 0.704630 0.656771 0.707407 0.656250 0.708333 0.656250 0.712037 0.655208 0.713889 0.655208 0.714815 0.654167 0.716667 0.654167 0.717593 0.653646 0.718519 0.655208 0.721296 0.655208 0.722222 0.656771 0.725000 0.656771 0.728704 0.656250 0.729630 0.656250 0.731481 0.656771 0.732407 0.657813 0.732407 0.658854 0.734259 0.658854 0.735185 0.659375 0.736111 0.659375 0.737037 0.659896 0.737963 0.659896 0.739815 0.659375 0.740741 0.659375 0.743519 0.658854 0.744444 0.658854 0.750926 0.659375 0.751852 0.659375 0.753704 0.658854 0.754630 0.658854 0.757407 0.657292 0.760185 0.655729 0.760185 0.655208 0.761111 0.654687 0.761111 0.653125 0.763889 0.653125 0.764815 0.651563 0.767593 0.651563 0.768519 0.651042 0.769444 0.651042 0.770370 0.650521 0.771296 0.650521 0.773148 0.650000 0.774074 0.650000 0.775000 0.648958 0.776852 0.648958 0.777778 0.648438 0.778704 0.648438 0.780556 0.647917 0.781481 0.647917 0.782407 0.647396 0.783333 0.647396 0.784259 0.645833 0.787037 0.645833 0.791667 0.646354 0.792593 0.646354 0.794444 0.644792 0.797222 0.644792 0.800926 0.644271 0.801852 0.644271 0.810185 0.643750 0.811111 0.643750 0.814815 0.642188 0.817593 0.641667 0.817593 0.641146 0.816667 0.639583 0.816667 0.638542 0.814815 0.638021 0.815741 0.638021 0.817593 0.635938 0.821296 0.635417 0.821296 0.634896 0.822222 0.634375 0.822222 0.634375 0.824074 0.634896 0.825000 0.634896 0.826852 0.635417 0.827778 0.635417 0.829630 0.633854 0.832407 0.633854 0.833333 0.633333 0.834259 0.633333 0.837963 0.633854 0.838889 0.633854 0.839815 0.635938 0.843519 0.635938 0.844444 0.638021 0.848148 0.638542 0.848148 0.639062 0.849074 0.639062 0.850000 0.639583 0.850926 0.639583 0.855556 0.640104 0.856481 0.640104 0.857407 0.639062 0.859259 0.639062 0.860185 0.638542 0.861111 0.638542 0.867593 0.639062 0.866667 0.642708 0.866667 0.643229 0.867593 0.643750 0.867593 0.645833 0.871296 0.645833 0.872222 0.646354 0.872222 0.646875 0.873148 0.648438 0.873148 0.649479 0.875000 0.649479 0.875926 0.650000 0.876852 0.650000 0.877778 0.650521 0.878704 0.651042 0.878704 0.654167 0.884259 0.654167 0.885185 0.654687 0.886111 0.654687 0.888889 0.655208 0.889815 0.655208 0.891667 0.656771 0.894444 0.657292 0.894444 0.657813 0.895370 0.658333 0.895370 0.658854 0.896296 0.659375 0.896296 0.660937 0.899074 0.661979 0.899074 0.662500 0.900000 0.666146 0.900000 0.666667 0.900926 0.669271 0.900926 0.669792 0.901852 0.670833 0.901852 0.673438 0.906481 0.676042 0.906481 0.676562 0.905556 0.678646 0.905556 0.679167 0.906481 0.680729 0.906481 0.681250 0.907407 0.684375 0.901852 0.684896 0.901852 0.685417 0.900926 0.686979 0.900926 0.689063 0.897222 0.690104 0.897222 0.690625 0.898148 0.691146 0.898148 0.691667 0.899074 0.693229 0.899074 0.694792 0.896296 0.695312 0.896296 0.695833 0.895370 0.702083 0.895370 0.702604 0.896296 0.703646 0.896296 0.704167 0.897222 0.704688 0.897222 0.705208 0.896296 0.705208 0.895370 0.706250 0.893519 0.706250 0.891667 0.708854 0.887037 0.709375 0.887037 0.709896 0.886111 0.710417 0.886111 0.710938 0.885185 0.710938 0.884259 0.711458 0.883333 0.711979 0.883333 0.716146 0.875926 0.717187 0.875926 0.717708 0.876852 0.719271 0.876852 0.719792 0.877778 0.721354 0.877778 0.721875 0.876852 0.725000 0.876852 0.725521 0.875926 0.726562 0.875926 0.728125 0.873148 0.728125 0.868519 0.727604 0.867593 0.727604 0.864815 0.727083 0.863889 0.727083 0.862963 0.726562 0.862037 0.726562 0.861111 0.726042 0.860185 0.726042 0.859259 0.725521 0.858333 0.725521 0.857407 0.723437 0.853704 0.722917 0.853704 0.720313 0.849074 0.719792 0.849074 0.718229 0.846296 0.717708 0.846296 0.716667 0.844444 0.716146 0.844444 0.715625 0.843519 0.716667 0.841667 0.716667 0.840741 0.720313 0.834259 0.720833 0.834259 0.721354 0.833333 0.722396 0.833333 0.722917 0.832407 0.723958 0.832407 0.724479 0.831481 0.725521 0.831481 0.726042 0.830556 0.726562 0.830556 0.727083 0.829630 0.728125 0.829630 0.728125 0.828704 0.728646 0.827778 0.728646 0.824074 0.729167 0.823148 0.729167 0.822222 0.728646 0.821296 0.728646 0.819444 0.726562 0.815741 0.726562 0.814815 0.726042 0.813889 0.726042 0.812963 0.725000 0.811111 0.725000 0.810185 0.724479 0.809259 0.724479 0.808333 0.725000 0.807407 0.726562 0.807407 0.727083 0.806481 0.727604 0.806481 0.728125 0.805556 0.728646 0.805556 0.730729 0.801852 0.730729 0.790741 0.730208 0.789815 0.730208 0.787037 0.729688 0.786111 0.729688 0.785185 0.729167 0.784259 0.729167 0.782407 0.728646 0.781481 0.728646 0.780556 0.728125 0.779630 0.728125 0.778704 0.727083 0.776852 0.727083 0.775926 0.726562 0.775000 0.726562 0.774074 0.725000 0.771296 0.725000 0.770370 0.722396 0.765741 0.721875 0.765741 0.721354 0.764815 0.720833 0.764815 0.720313 0.763889 0.714063 0.763889 0.713542 0.764815 0.711979 0.764815 0.711458 0.763889 0.710938 0.763889 0.708854 0.760185 0.708854 0.757407 0.708333 0.756481 0.708333 0.754630 0.707812 0.753704 0.707812 0.752778 0.707292 0.751852 0.707292 0.750926 0.706771 0.750000 0.706771 0.748148 0.706250 0.747222 0.706250 0.746296 0.705729 0.745370 0.705729 0.743519 0.705208 0.742593 0.705208 0.739815 0.703646 0.737037 0.703646 0.736111 0.702083 0.733333 0.702083 0.732407 0.697917 0.725000 0.697396 0.725000 0.696875 0.724074 0.695833 0.724074 0.695312 0.723148 0.694271 0.723148 0.693750 0.722222 0.691146 0.722222 0.690625 0.721296 0.689063 0.721296 0.688542 0.722222 0.686979 0.722222 0.686458 0.723148 0.682813 0.723148 0.682292 0.722222 0.681771 0.722222 0.680208 0.719444 0.680208 0.718519 0.679688 0.717593 0.679167 0.717593 0.677604 0.714815 0.677083 0.714815 0.676562 0.713889 0.676042 0.713889 0.675521 0.712963 0.674479 0.712963 0.673958 0.712037 0.671875 0.712037 0.671354 0.711111 0.668750 0.711111 0.668229 0.710185 0.665625 0.710185 0.665104 0.709259 0.663542 0.709259 0.663021 0.708333 0.662500 0.708333 0.661979 0.707407 0.660937 0.707407 0.660417 0.706481 0.659896 0.706481 0.658854 0.704630
