2 0.667708 0.903704 0.680208 0.905556 0.677083 0.797222 0.673958 0.643519 0.674479 0.516667 0.675521 0.406481 0.678125 0.333333 0.672396 0.332407 0.670312 0.408333 0.667708 0.490741 0.666667 0.589815 0.666146 0.623148 0.666146 0.661111 0.666667 0.698148 0.665104 0.743519 0.667188 0.793519 0.666146 0.833333 0.666146 0.903704
3 0.481771 0.446296 0.491146 0.434259 0.486979 0.414815 0.495312 0.403704 0.501563 0.412963 0.506771 0.423148 0.496875 0.430556 0.502083 0.457407 0.489583 0.456481 0.481250 0.446296
3 0.315625 0.539815 0.318750 0.537037 0.322917 0.527778 0.324479 0.536111 0.325521 0.541667 0.320833 0.540741 0.317188 0.545370 0.315625 0.538889
1 0.301042 0.727778 0.305208 0.726852 0.302604 0.626852 0.322917 0.613889 0.317708 0.568519 0.331250 0.554630 0.322396 0.525000 0.314583 0.509259 0.307292 0.514815 0.290104 0.505556 0.283333 0.527778 0.287500 0.564815 0.276562 0.585185 0.293229 0.588889 0.283854 0.604630 0.295312 0.628704 0.300000 0.726852
1 0.525000 0.614815 0.524479 0.615741 0.521354 0.615741 0.520833 0.616667 0.519792 0.616667 0.518750 0.618519 0.518229 0.618519 0.517708 0.619444 0.517188 0.619444 0.516667 0.620370 0.516146 0.620370 0.515625 0.621296 0.514583 0.621296 0.514062 0.622222 0.511458 0.622222 0.510938 0.621296 0.508854 0.621296 0.507812 0.623148 0.507292 0.623148 0.506250 0.625000 0.506250 0.625926 0.504167 0.629630 0.504167 0.630556 0.503646 0.631481 0.503646 0.632407 0.503125 0.633333 0.503125 0.637037 0.503646 0.637963 0.503646 0.645370 0.503125 0.646296 0.503125 0.654630 0.502604 0.655556 0.503125 0.656481 0.503125 0.658333 0.503646 0.659259 0.503646 0.661111 0.504167 0.662037 0.504167 0.663889 0.503646 0.664815 0.503646 0.667593 0.502604 0.669444 0.502604 0.670370 0.503125 0.671296 0.503125 0.680556 0.502604 0.681481 0.502604 0.687037 0.503125 0.687963 0.503125 0.691667 0.504167 0.693519 0.504167 0.694444 0.504687 0.695370 0.505208 0.695370 0.506250 0.697222 0.506250 0.703704 0.506771 0.704630 0.506771 0.705556 0.507812 0.707407 0.507812 0.709259 0.508333 0.710185 0.508333 0.712037 0.508854 0.712963 0.508854 0.714815 0.509375 0.715741 0.509375 0.716667 0.510417 0.718519 0.511458 0.718519 0.511979 0.719444 0.513542 0.719444 0.514062 0.720370 0.521875 0.720370 0.522396 0.719444 0.523438 0.719444 0.523958 0.718519 0.525000 0.718519 0.525521 0.717593 0.526042 0.717593 0.527604 0.714815 0.527604 0.713889 0.528125 0.712963 0.528125 0.711111 0.528646 0.710185 0.528646 0.709259 0.530208 0.706481 0.530208 0.705556 0.530729 0.704630 0.530729 0.701852 0.530208 0.700926 0.530208 0.699074 0.529167 0.697222 0.529687 0.696296 0.530208 0.696296 0.530208 0.695370 0.530729 0.694444 0.530729 0.690741 0.531771 0.688889 0.531771 0.687963 0.532292 0.687037 0.532813 0.687037 0.532813 0.686111 0.533333 0.685185 0.533333 0.684259 0.533854 0.683333 0.533854 0.682407 0.534375 0.681481 0.534375 0.680556 0.536458 0.676852 0.536979 0.676852 0.536979 0.675926 0.537500 0.675000 0.537500 0.674074 0.538021 0.673148 0.538021 0.672222 0.539062 0.670370 0.539062 0.669444 0.539583 0.668519 0.539583 0.667593 0.540104 0.666667 0.540104 0.664815 0.540625 0.663889 0.540625 0.662037 0.541667 0.660185 0.541667 0.659259 0.542188 0.658333 0.542188 0.657407 0.542708 0.656481 0.542708 0.655556 0.544271 0.652778 0.544792 0.652778 0.546875 0.649074 0.547396 0.649074 0.548438 0.647222 0.548958 0.647222 0.549479 0.646296 0.549479 0.645370 0.550000 0.644444 0.550000 0.641667 0.549479 0.640741 0.549479 0.639815 0.548438 0.637963 0.548438 0.637037 0.547917 0.636111 0.547917 0.635185 0.547396 0.634259 0.547396 0.633333 0.544792 0.628704 0.544271 0.628704 0.543750 0.627778 0.543229 0.627778 0.539062 0.620370 0.538542 0.620370 0.537500 0.618519 0.536979 0.618519 0.536458 0.617593 0.535417 0.617593 0.534896 0.616667 0.534375 0.616667 0.533854 0.615741 0.533333 0.615741 0.532813 0.614815 0.532292 0.615741 0.531771 0.615741 0.531250 0.616667 0.530729 0.616667 0.530208 0.617593 0.528125 0.617593 0.527604 0.616667 0.527083 0.616667 0.526563 0.615741 0.525521 0.615741
1 0.466146 0.392593 0.464583 0.395370 0.464583 0.399074 0.465104 0.400000 0.465104 0.400926 0.466146 0.402778 0.466146 0.403704 0.467187 0.405556 0.467187 0.414815 0.465104 0.418519 0.464583 0.418519 0.464062 0.419444 0.463542 0.419444 0.463021 0.420370 0.462500 0.420370 0.461979 0.421296 0.460938 0.421296 0.460417 0.422222 0.459896 0.422222 0.459375 0.423148 0.458854 0.423148 0.458333 0.424074 0.457813 0.424074 0.456250 0.426852 0.455729 0.426852 0.454167 0.429630 0.453646 0.429630 0.451562 0.433333 0.451042 0.433333 0.450000 0.435185 0.449479 0.435185 0.448958 0.436111 0.448437 0.436111 0.447396 0.437963 0.446875 0.437963 0.445312 0.440741 0.445312 0.441667 0.444792 0.442593 0.444792 0.443519 0.443229 0.446296 0.443229 0.448148 0.444271 0.450000 0.444792 0.450000 0.445312 0.450926 0.445833 0.450926 0.446354 0.451852 0.446875 0.451852 0.447917 0.453704 0.448437 0.453704 0.448958 0.454630 0.449479 0.454630 0.450000 0.455556 0.450521 0.455556 0.451042 0.456481 0.452083 0.456481 0.452604 0.457407 0.453646 0.457407 0.454167 0.458333 0.455208 0.458333 0.455729 0.459259 0.456250 0.459259 0.456771 0.460185 0.457292 0.460185 0.458854 0.462963 0.458854 0.463889 0.459375 0.464815 0.459375 0.465741 0.459896 0.466667 0.459896 0.468519 0.460417 0.469444 0.460417 0.472222 0.460938 0.473148 0.460938 0.475000 0.461458 0.475926 0.461458 0.476852 0.461979 0.477778 0.461979 0.478704 0.462500 0.479630 0.462500 0.480556 0.463021 0.481481 0.463021 0.482407 0.463542 0.483333 0.463542 0.485185 0.464062 0.486111 0.464062 0.487963 0.464583 0.488889 0.464583 0.490741 0.465104 0.491667 0.465104 0.493519 0.465625 0.494444 0.465625 0.496296 0.466146 0.497222 0.466146 0.499074 0.466667 0.500000 0.466667 0.501852 0.467187 0.502778 0.467187 0.504630 0.467708 0.505556 0.467708 0.509259 0.468229 0.510185 0.468229 0.514815 0.468750 0.515741 0.468750 0.522222 0.469271 0.523148 0.469271 0.528704 0.469792 0.529630 0.469792 0.531481 0.469271 0.532407 0.469271 0.534259 0.468750 0.535185 0.468750 0.537037 0.468229 0.537963 0.468229 0.538889 0.467187 0.540741 0.467187 0.541667 0.465625 0.544444 0.465104 0.544444 0.463021 0.548148 0.462500 0.548148 0.460938 0.550926 0.459896 0.550926 0.459375 0.551852 0.458333 0.551852 0.457813 0.552778 0.457292 0.552778 0.456771 0.553704 0.455729 0.553704 0.455208 0.554630 0.454688 0.554630 0.452604 0.558333 0.452604 0.563889 0.452083 0.564815 0.452083 0.566667 0.451042 0.568519 0.451042 0.569444 0.450000 0.571296 0.450000 0.572222 0.448958 0.574074 0.448437 0.574074 0.447396 0.575926 0.446875 0.575926 0.445312 0.578704 0.444792 0.578704 0.443750 0.580556 0.443229 0.580556 0.441146 0.584259 0.440625 0.584259 0.440104 0.585185 0.439583 0.585185 0.438021 0.587963 0.438021 0.588889 0.436979 0.590741 0.436458 0.590741 0.434896 0.593519 0.434896 0.600000 0.435417 0.600000 0.436458 0.598148 0.437500 0.598148 0.438021 0.597222 0.443229 0.597222 0.443750 0.596296 0.444792 0.596296 0.445312 0.595370 0.445833 0.595370 0.446354 0.594444 0.446875 0.594444 0.447396 0.593519 0.447917 0.593519 0.448437 0.592593 0.448958 0.592593 0.449479 0.591667 0.450000 0.591667 0.451042 0.589815 0.452083 0.589815 0.452604 0.588889 0.453125 0.588889 0.453646 0.587963 0.454688 0.587963 0.455208 0.587037 0.456250 0.587037 0.456771 0.586111 0.457813 0.586111 0.458333 0.585185 0.462500 0.585185 0.464583 0.588889 0.464583 0.589815 0.465104 0.590741 0.465104 0.592593 0.465625 0.593519 0.465625 0.603704 0.465104 0.604630 0.465104 0.613889 0.463542 0.616667 0.463542 0.617593 0.461979 0.620370 0.461979 0.621296 0.461458 0.622222 0.461458 0.624074 0.460938 0.625000 0.460938 0.625926 0.460417 0.626852 0.460417 0.636111 0.460938 0.637037 0.460938 0.639815 0.461458 0.640741 0.461458 0.641667 0.461979 0.642593 0.461979 0.643519 0.462500 0.644444 0.462500 0.645370 0.463021 0.645370 0.464062 0.647222 0.464583 0.647222 0.465625 0.649074 0.466667 0.649074 0.467708 0.650926 0.468229 0.650926 0.469271 0.652778 0.469792 0.652778 0.470833 0.654630 0.471354 0.654630 0.472917 0.657407 0.472917 0.659259 0.473438 0.660185 0.473438 0.683333 0.473958 0.684259 0.468750 0.862037 0.475521 0.857407 0.478646 0.753704 0.478646 0.737037 0.477604 0.731481 0.478125 0.727778 0.477604 0.722222 0.478125 0.722222 0.478125 0.721296 0.478646 0.720370 0.478646 0.719444 0.479167 0.718519 0.479167 0.717593 0.479687 0.716667 0.479687 0.715741 0.480208 0.714815 0.480208 0.712963 0.480729 0.712037 0.480729 0.710185 0.480208 0.709259 0.480208 0.707407 0.479687 0.706481 0.479687 0.705556 0.479167 0.704630 0.479687 0.703704 0.479687 0.702778 0.480208 0.701852 0.480208 0.700926 0.480729 0.700000 0.480729 0.698148 0.481250 0.697222 0.481250 0.693519 0.480729 0.692593 0.480729 0.690741 0.481250 0.689815 0.481250 0.681481 0.480729 0.680556 0.480729 0.679630 0.479167 0.676852 0.479687 0.675926 0.479687 0.675000 0.480208 0.674074 0.480208 0.672222 0.480729 0.671296 0.480729 0.667593 0.480208 0.666667 0.480208 0.664815 0.479687 0.663889 0.479167 0.663889 0.478646 0.662963 0.480729 0.659259 0.480729 0.657407 0.482812 0.653704 0.482812 0.652778 0.483854 0.650926 0.483854 0.650000 0.484896 0.648148 0.484896 0.647222 0.490625 0.637037 0.490625 0.636111 0.492188 0.633333 0.492708 0.633333 0.494271 0.630556 0.494792 0.630556 0.497396 0.625926 0.498958 0.625926 0.499479 0.626852 0.500000 0.626852 0.500521 0.627778 0.501042 0.627778 0.501563 0.628704 0.505208 0.628704 0.506250 0.626852 0.506771 0.626852 0.507292 0.625926 0.508333 0.625926 0.508854 0.625000 0.509375 0.625000 0.509896 0.624074 0.511458 0.624074 0.511979 0.623148 0.513542 0.623148 0.514062 0.622222 0.515104 0.622222 0.515625 0.621296 0.516667 0.621296 0.517188 0.620370 0.518229 0.620370 0.518750 0.619444 0.519792 0.619444 0.520312 0.618519 0.520833 0.618519 0.521354 0.617593 0.521875 0.617593 0.522396 0.616667 0.523958 0.616667 0.524479 0.615741 0.529167 0.615741 0.529687 0.616667 0.531771 0.616667 0.532292 0.617593 0.534896 0.617593 0.535417 0.616667 0.536458 0.616667 0.536458 0.615741 0.536979 0.614815 0.536979 0.613889 0.534896 0.610185 0.534896 0.609259 0.533854 0.607407 0.533854 0.606481 0.535417 0.603704 0.535417 0.602778 0.536979 0.600000 0.537500 0.600000 0.538021 0.599074 0.540104 0.599074 0.540625 0.598148 0.542188 0.598148 0.542708 0.597222 0.544271 0.597222 0.544792 0.596296 0.545312 0.596296 0.545833 0.595370 0.546354 0.595370 0.546875 0.594444 0.553646 0.594444 0.554167 0.595370 0.555208 0.595370 0.556250 0.597222 0.557292 0.597222 0.557813 0.598148 0.558333 0.598148 0.564063 0.608333 0.564063 0.609259 0.564583 0.609259 0.565104 0.608333 0.565625 0.608333 0.566146 0.607407 0.567708 0.607407 0.567708 0.606481 0.567187 0.605556 0.567187 0.604630 0.566667 0.603704 0.566667 0.600926 0.566146 0.600000 0.565625 0.600000 0.565104 0.599074 0.564583 0.599074 0.564063 0.598148 0.563021 0.598148 0.560937 0.594444 0.560937 0.593519 0.560417 0.592593 0.559896 0.592593 0.559375 0.591667 0.558333 0.591667 0.557813 0.590741 0.557292 0.590741 0.556250 0.588889 0.555729 0.588889 0.554167 0.586111 0.553125 0.586111 0.552604 0.585185 0.551042 0.585185 0.550521 0.584259 0.549479 0.584259 0.548958 0.583333 0.548438 0.583333 0.547917 0.582407 0.547396 0.582407 0.545833 0.579630 0.545312 0.579630 0.544792 0.578704 0.544271 0.578704 0.543750 0.577778 0.543229 0.577778 0.542708 0.576852 0.541667 0.576852 0.541146 0.575926 0.540625 0.575926 0.540104 0.575000 0.539062 0.575000 0.538542 0.574074 0.537500 0.574074 0.536979 0.573148 0.535937 0.573148 0.535417 0.572222 0.534896 0.572222 0.534375 0.571296 0.533333 0.571296 0.532813 0.570370 0.532292 0.570370 0.531771 0.569444 0.530729 0.569444 0.530208 0.568519 0.529167 0.568519 0.528646 0.567593 0.528125 0.567593 0.527604 0.566667 0.526563 0.566667 0.526042 0.565741 0.525521 0.565741 0.524479 0.563889 0.523958 0.563889 0.523438 0.562963 0.522917 0.562963 0.521875 0.561111 0.521354 0.561111 0.519792 0.558333 0.520312 0.557407 0.520833 0.557407 0.521354 0.556481 0.521875 0.556481 0.522917 0.554630 0.523438 0.554630 0.525521 0.550926 0.526042 0.550926 0.527083 0.549074 0.527604 0.549074 0.529167 0.546296 0.529167 0.545370 0.534375 0.536111 0.534375 0.535185 0.534896 0.534259 0.534896 0.533333 0.535417 0.532407 0.535417 0.530556 0.535937 0.529630 0.535937 0.528704 0.536458 0.527778 0.536458 0.526852 0.536979 0.525926 0.536979 0.525000 0.537500 0.524074 0.537500 0.513889 0.536979 0.512963 0.536979 0.504630 0.537500 0.503704 0.537500 0.502778 0.539583 0.499074 0.539583 0.498148 0.541667 0.494444 0.541667 0.493519 0.543750 0.489815 0.543750 0.485185 0.544271 0.484259 0.544271 0.482407 0.543750 0.482407 0.542708 0.480556 0.542188 0.480556 0.541146 0.478704 0.540625 0.478704 0.540104 0.477778 0.539062 0.477778 0.538542 0.476852 0.535937 0.476852 0.535417 0.475926 0.533854 0.475926 0.533333 0.475000 0.533854 0.474074 0.534375 0.474074 0.535417 0.472222 0.535937 0.472222 0.536979 0.470370 0.536979 0.467593 0.536458 0.466667 0.536458 0.465741 0.535417 0.463889 0.535417 0.462963 0.534896 0.462037 0.536458 0.459259 0.537500 0.459259 0.538021 0.458333 0.538542 0.458333 0.539062 0.457407 0.539583 0.457407 0.540625 0.455556 0.541667 0.455556 0.542188 0.454630 0.543750 0.454630 0.544271 0.453704 0.544792 0.453704 0.547396 0.449074 0.547396 0.448148 0.547917 0.447222 0.547396 0.446296 0.547396 0.444444 0.546875 0.443519 0.546875 0.440741 0.546354 0.439815 0.546354 0.438889 0.543750 0.434259 0.543750 0.433333 0.540625 0.427778 0.540104 0.427778 0.539583 0.426852 0.538542 0.426852 0.538021 0.425926 0.534375 0.425926 0.533854 0.426852 0.532292 0.426852 0.531771 0.427778 0.530729 0.427778 0.530208 0.428704 0.528646 0.428704 0.528125 0.429630 0.525521 0.429630 0.525000 0.430556 0.521354 0.430556 0.514583 0.442593 0.514583 0.443519 0.514062 0.444444 0.514062 0.445370 0.513021 0.447222 0.512500 0.447222 0.510417 0.450926 0.510417 0.451852 0.509896 0.452778 0.509375 0.452778 0.507812 0.450000 0.507812 0.449074 0.507292 0.448148 0.507292 0.447222 0.506771 0.446296 0.506771 0.444444 0.506250 0.443519 0.506250 0.437963 0.505729 0.437037 0.505729 0.429630 0.505208 0.428704 0.505208 0.425926 0.504687 0.425000 0.504687 0.424074 0.504167 0.423148 0.504167 0.422222 0.503125 0.420370 0.503125 0.419444 0.502604 0.419444 0.500000 0.414815 0.500000 0.413889 0.497917 0.410185 0.497917 0.409259 0.493750 0.409259 0.493229 0.410185 0.492708 0.410185 0.492188 0.411111 0.491667 0.411111 0.491146 0.412037 0.490104 0.412037 0.489583 0.412963 0.489063 0.412963 0.487500 0.415741 0.486979 0.415741 0.485417 0.418519 0.484896 0.418519 0.483333 0.421296 0.483333 0.423148 0.482812 0.424074 0.482812 0.425000 0.482292 0.425926 0.481250 0.425926 0.480729 0.425000 0.480208 0.425000 0.479687 0.424074 0.479167 0.424074 0.478646 0.423148 0.478125 0.423148 0.477604 0.422222 0.477604 0.420370 0.476042 0.417593 0.476042 0.416667 0.475000 0.414815 0.475000 0.413889 0.473958 0.412037 0.473958 0.411111 0.472917 0.409259 0.472917 0.408333 0.471875 0.406481 0.471875 0.405556 0.470833 0.403704 0.470833 0.402778 0.467708 0.397222 0.467708 0.396296 0.466667 0.394444 0.466667 0.393519
1 0.431250 0.599074 0.428646 0.603704 0.427604 0.603704 0.426563 0.605556 0.426042 0.605556 0.425000 0.607407 0.424479 0.607407 0.424479 0.608333 0.423958 0.609259 0.423958 0.610185 0.422917 0.612037 0.422917 0.612963 0.422396 0.613889 0.422396 0.615741 0.421875 0.616667 0.421875 0.621296 0.426042 0.628704 0.425521 0.629630 0.425521 0.637963 0.426042 0.638889 0.426042 0.641667 0.426563 0.642593 0.426563 0.644444 0.427083 0.645370 0.427083 0.649074 0.427604 0.650000 0.430208 0.650000 0.430729 0.650926 0.430729 0.651852 0.431250 0.652778 0.431250 0.656481 0.431771 0.656481 0.432292 0.657407 0.432812 0.657407 0.433854 0.659259 0.433854 0.660185 0.434375 0.661111 0.434375 0.662037 0.434896 0.662963 0.434896 0.663889 0.435937 0.663889 0.436458 0.662963 0.436979 0.662963 0.437500 0.662037 0.438021 0.662037 0.438542 0.661111 0.439583 0.661111 0.441146 0.663889 0.441667 0.663889 0.442188 0.664815 0.442708 0.664815 0.443229 0.665741 0.443750 0.664815 0.444271 0.664815 0.445833 0.662037 0.446354 0.662037 0.447396 0.660185 0.447917 0.660185 0.448437 0.659259 0.448958 0.659259 0.449479 0.658333 0.450000 0.658333 0.450521 0.657407 0.452083 0.657407 0.452604 0.658333 0.453125 0.658333 0.453646 0.659259 0.454167 0.659259 0.454688 0.660185 0.455208 0.659259 0.455729 0.659259 0.458854 0.653704 0.458854 0.652778 0.459896 0.650926 0.459896 0.650000 0.460417 0.649074 0.459896 0.648148 0.459896 0.647222 0.459375 0.646296 0.459375 0.645370 0.458333 0.643519 0.458333 0.642593 0.457813 0.641667 0.457813 0.637963 0.457292 0.637037 0.457292 0.636111 0.454688 0.631481 0.454167 0.631481 0.453646 0.632407 0.450521 0.632407 0.450000 0.631481 0.449479 0.631481 0.446875 0.626852 0.446354 0.626852 0.445312 0.625000 0.445312 0.624074 0.444271 0.622222 0.444271 0.615741 0.443750 0.614815 0.443750 0.606481 0.442708 0.604630 0.440104 0.604630 0.439063 0.602778 0.439063 0.600926 0.436458 0.600926 0.435937 0.600000 0.434896 0.600000 0.434375 0.599074
1 0.380729 0.555556 0.380208 0.556481 0.379167 0.556481 0.378646 0.557407 0.378125 0.557407 0.377604 0.558333 0.376563 0.558333 0.376563 0.559259 0.375521 0.561111 0.375521 0.562037 0.375000 0.562963 0.375000 0.563889 0.373437 0.566667 0.373437 0.567593 0.372396 0.569444 0.372396 0.570370 0.371875 0.571296 0.371875 0.579630 0.371354 0.580556 0.371354 0.591667 0.370833 0.592593 0.370833 0.606481 0.371354 0.607407 0.370833 0.608333 0.370833 0.612037 0.370312 0.612963 0.370312 0.618519 0.369792 0.619444 0.369792 0.626852 0.369271 0.627778 0.369792 0.628704 0.369792 0.629630 0.370312 0.630556 0.370312 0.632407 0.370833 0.633333 0.370833 0.636111 0.371354 0.637037 0.371354 0.639815 0.371875 0.640741 0.371875 0.647222 0.372396 0.648148 0.372396 0.650926 0.372917 0.651852 0.372917 0.652778 0.373437 0.653704 0.373437 0.654630 0.373958 0.655556 0.373958 0.657407 0.374479 0.658333 0.374479 0.659259 0.375521 0.661111 0.376563 0.661111 0.377083 0.662037 0.377083 0.663889 0.376563 0.664815 0.376042 0.664815 0.374479 0.667593 0.374479 0.668519 0.373958 0.669444 0.375000 0.671296 0.375521 0.671296 0.376042 0.672222 0.376563 0.672222 0.377604 0.674074 0.377604 0.675000 0.380729 0.680556 0.381250 0.680556 0.382812 0.683333 0.382812 0.686111 0.383333 0.687037 0.383333 0.729630 0.383854 0.730556 0.383854 0.732407 0.384375 0.733333 0.384375 0.734259 0.385417 0.734259 0.385937 0.735185 0.388542 0.735185 0.390104 0.732407 0.390104 0.731481 0.390625 0.730556 0.390625 0.729630 0.391146 0.728704 0.391146 0.727778 0.391667 0.726852 0.391667 0.725926 0.392708 0.724074 0.392708 0.723148 0.393229 0.722222 0.393229 0.720370 0.393750 0.719444 0.393750 0.718519 0.394271 0.717593 0.394271 0.714815 0.394792 0.713889 0.394792 0.712037 0.395313 0.711111 0.395313 0.709259 0.395833 0.708333 0.395833 0.706481 0.396875 0.704630 0.396875 0.701852 0.397396 0.700926 0.397396 0.699074 0.397917 0.698148 0.397917 0.696296 0.398438 0.695370 0.398438 0.693519 0.398958 0.692593 0.398958 0.690741 0.399479 0.689815 0.399479 0.687963 0.400000 0.687037 0.400000 0.686111 0.400521 0.685185 0.400521 0.683333 0.401562 0.681481 0.401562 0.680556 0.403125 0.677778 0.403646 0.677778 0.404167 0.676852 0.404167 0.675926 0.405208 0.674074 0.405208 0.673148 0.406250 0.671296 0.406250 0.670370 0.409896 0.663889 0.410417 0.663889 0.412500 0.660185 0.413021 0.660185 0.414583 0.657407 0.415104 0.657407 0.416146 0.655556 0.416146 0.654630 0.417187 0.652778 0.417187 0.651852 0.418229 0.650000 0.418750 0.650000 0.419792 0.648148 0.419792 0.646296 0.420312 0.645370 0.420312 0.625926 0.420833 0.625000 0.420833 0.622222 0.421354 0.621296 0.421354 0.613889 0.420833 0.613889 0.420312 0.612963 0.419792 0.612963 0.419271 0.612037 0.419271 0.611111 0.418750 0.610185 0.418750 0.609259 0.418229 0.608333 0.418229 0.607407 0.417708 0.606481 0.417708 0.604630 0.417187 0.603704 0.417187 0.601852 0.416146 0.600000 0.415625 0.600000 0.412500 0.594444 0.412500 0.593519 0.411979 0.592593 0.411979 0.591667 0.411458 0.590741 0.411458 0.589815 0.410938 0.588889 0.410938 0.587963 0.410417 0.587037 0.410417 0.580556 0.410938 0.579630 0.410417 0.579630 0.409375 0.577778 0.408854 0.577778 0.408333 0.576852 0.405729 0.576852 0.405208 0.577778 0.403125 0.577778 0.402604 0.578704 0.401562 0.578704 0.401042 0.579630 0.396354 0.579630 0.395313 0.577778 0.394792 0.577778 0.392708 0.574074 0.392188 0.574074 0.391146 0.572222 0.391146 0.571296 0.390104 0.569444 0.390104 0.568519 0.389062 0.566667 0.389062 0.565741 0.388542 0.564815 0.388542 0.563889 0.386458 0.560185 0.386458 0.559259 0.385937 0.558333 0.385937 0.557407 0.384896 0.555556
1 0.354687 0.475926 0.354167 0.476852 0.352604 0.476852 0.352083 0.477778 0.351562 0.477778 0.351042 0.478704 0.350521 0.478704 0.350000 0.479630 0.349479 0.479630 0.348958 0.480556 0.348438 0.480556 0.347917 0.481481 0.347396 0.481481 0.346875 0.482407 0.344271 0.482407 0.343750 0.481481 0.342708 0.481481 0.342187 0.480556 0.338542 0.480556 0.338021 0.481481 0.337500 0.481481 0.336979 0.480556 0.336458 0.480556 0.335938 0.479630 0.335417 0.479630 0.334896 0.478704 0.334375 0.478704 0.333854 0.477778 0.333333 0.477778 0.332813 0.478704 0.331250 0.478704 0.330729 0.479630 0.328125 0.479630 0.327604 0.478704 0.324479 0.478704 0.323958 0.479630 0.321875 0.479630 0.320833 0.481481 0.320833 0.482407 0.320312 0.483333 0.320312 0.489815 0.320833 0.490741 0.320833 0.492593 0.321354 0.493519 0.321354 0.494444 0.321875 0.495370 0.321875 0.497222 0.322396 0.498148 0.322396 0.500000 0.322917 0.500926 0.322917 0.502778 0.323437 0.503704 0.323437 0.507407 0.323958 0.508333 0.323958 0.511111 0.324479 0.512037 0.324479 0.513889 0.325000 0.514815 0.325000 0.525000 0.325521 0.525926 0.325521 0.527778 0.326042 0.528704 0.326042 0.529630 0.326562 0.530556 0.326562 0.534259 0.327083 0.535185 0.327083 0.536111 0.327604 0.537037 0.327604 0.537963 0.329167 0.540741 0.329167 0.541667 0.329688 0.542593 0.329688 0.543519 0.330208 0.544444 0.328646 0.547222 0.328646 0.548148 0.326562 0.551852 0.326562 0.552778 0.326042 0.553704 0.326042 0.554630 0.325000 0.556481 0.325000 0.557407 0.323958 0.559259 0.323958 0.562963 0.323437 0.563889 0.323437 0.567593 0.323958 0.568519 0.323958 0.571296 0.324479 0.572222 0.325000 0.572222 0.325521 0.573148 0.326042 0.573148 0.327083 0.575000 0.327604 0.575000 0.328125 0.575926 0.328646 0.575926 0.329167 0.576852 0.329688 0.576852 0.330208 0.577778 0.330729 0.577778 0.331250 0.578704 0.331250 0.580556 0.331771 0.581481 0.331771 0.587963 0.332292 0.588889 0.332292 0.594444 0.332813 0.595370 0.332813 0.605556 0.333333 0.606481 0.333333 0.610185 0.332813 0.611111 0.332813 0.627778 0.333333 0.628704 0.333333 0.636111 0.332813 0.637037 0.332813 0.679630 0.332292 0.680556 0.332292 0.697222 0.331771 0.698148 0.331771 0.710185 0.331250 0.711111 0.331250 0.720370 0.331771 0.721296 0.331771 0.725000 0.332813 0.726852 0.333333 0.726852 0.333854 0.727778 0.334375 0.727778 0.334896 0.726852 0.338021 0.726852 0.338542 0.725926 0.339062 0.725926 0.342187 0.720370 0.342187 0.719444 0.342708 0.718519 0.342708 0.711111 0.343229 0.710185 0.343229 0.705556 0.343750 0.704630 0.343750 0.700000 0.344271 0.699074 0.344271 0.696296 0.344792 0.695370 0.344792 0.693519 0.345313 0.692593 0.345313 0.689815 0.345833 0.688889 0.345833 0.685185 0.346354 0.684259 0.346354 0.680556 0.346875 0.679630 0.346875 0.677778 0.347396 0.676852 0.347396 0.673148 0.347917 0.672222 0.347917 0.667593 0.348438 0.666667 0.348438 0.663889 0.348958 0.662963 0.348958 0.656481 0.349479 0.655556 0.349479 0.654630 0.350000 0.653704 0.350000 0.652778 0.351042 0.650926 0.351042 0.650000 0.351562 0.649074 0.351562 0.641667 0.352604 0.639815 0.352604 0.638889 0.353125 0.637963 0.353125 0.637037 0.353646 0.636111 0.353646 0.635185 0.354167 0.634259 0.354167 0.631481 0.354687 0.630556 0.354687 0.625926 0.355208 0.625000 0.355208 0.624074 0.355729 0.623148 0.355729 0.622222 0.356250 0.621296 0.356771 0.621296 0.356771 0.620370 0.356250 0.619444 0.356250 0.618519 0.355729 0.617593 0.355729 0.612963 0.356250 0.612037 0.356250 0.611111 0.356771 0.610185 0.356771 0.608333 0.357292 0.607407 0.357292 0.606481 0.356771 0.605556 0.356771 0.603704 0.356250 0.602778 0.356250 0.598148 0.356771 0.597222 0.356771 0.596296 0.357292 0.595370 0.357292 0.591667 0.357812 0.590741 0.357812 0.588889 0.358333 0.587963 0.358333 0.581481 0.358854 0.580556 0.358854 0.578704 0.360417 0.575926 0.361458 0.575926 0.361979 0.575000 0.366667 0.575000 0.367188 0.574074 0.368750 0.574074 0.370312 0.571296 0.370312 0.570370 0.372917 0.565741 0.372917 0.563889 0.373437 0.562963 0.373437 0.562037 0.373958 0.561111 0.373958 0.560185 0.374479 0.559259 0.375000 0.559259 0.375521 0.558333 0.376042 0.558333 0.376563 0.557407 0.376563 0.556481 0.377083 0.555556 0.377083 0.554630 0.379688 0.550000 0.379688 0.549074 0.382292 0.544444 0.382292 0.543519 0.383854 0.540741 0.383854 0.539815 0.384375 0.538889 0.384375 0.537963 0.383333 0.537963 0.382812 0.537037 0.381771 0.537037 0.381250 0.536111 0.380208 0.536111 0.379688 0.535185 0.379167 0.535185 0.378125 0.533333 0.377604 0.533333 0.376042 0.530556 0.376042 0.527778 0.376563 0.526852 0.376563 0.523148 0.378646 0.519444 0.378646 0.518519 0.380729 0.514815 0.380729 0.513889 0.381250 0.512963 0.381250 0.512037 0.381771 0.511111 0.381771 0.509259 0.381250 0.509259 0.380729 0.508333 0.377604 0.508333 0.377083 0.507407 0.373958 0.507407 0.373437 0.506481 0.372917 0.506481 0.371875 0.504630 0.371354 0.504630 0.370833 0.503704 0.370833 0.502778 0.370312 0.501852 0.370312 0.497222 0.369792 0.496296 0.369792 0.494444 0.369271 0.493519 0.369271 0.492593 0.368750 0.491667 0.368229 0.491667 0.367708 0.492593 0.365104 0.492593 0.363021 0.488889 0.362500 0.488889 0.358854 0.482407 0.358854 0.481481 0.358333 0.480556 0.358333 0.479630 0.357812 0.478704 0.357812 0.477778 0.357292 0.476852 0.357292 0.475926
1 0.219792 0.453704 0.219271 0.454630 0.218750 0.454630 0.218229 0.455556 0.217708 0.455556 0.216667 0.457407 0.216667 0.458333 0.216146 0.459259 0.216146 0.460185 0.215625 0.461111 0.215625 0.462963 0.215104 0.463889 0.215104 0.464815 0.214062 0.466667 0.214062 0.467593 0.213021 0.469444 0.213021 0.470370 0.211979 0.472222 0.211979 0.473148 0.211458 0.474074 0.211458 0.475000 0.209375 0.478704 0.208854 0.478704 0.208333 0.479630 0.201042 0.479630 0.200521 0.478704 0.200000 0.478704 0.199479 0.477778 0.198437 0.477778 0.197917 0.476852 0.192188 0.476852 0.191667 0.477778 0.191146 0.477778 0.190625 0.478704 0.190104 0.478704 0.189583 0.479630 0.189062 0.479630 0.187500 0.482407 0.188021 0.483333 0.188021 0.487037 0.188542 0.487963 0.188542 0.488889 0.190104 0.491667 0.190104 0.492593 0.191146 0.494444 0.191146 0.499074 0.190104 0.500926 0.190104 0.501852 0.189583 0.502778 0.188542 0.502778 0.188021 0.503704 0.184896 0.503704 0.184375 0.504630 0.182812 0.504630 0.182292 0.505556 0.182292 0.508333 0.181771 0.509259 0.182292 0.510185 0.182812 0.510185 0.183854 0.512037 0.184375 0.512037 0.185938 0.514815 0.186458 0.514815 0.186979 0.515741 0.186979 0.516667 0.188542 0.519444 0.189062 0.519444 0.197396 0.534259 0.197396 0.535185 0.197917 0.536111 0.198437 0.536111 0.198958 0.537037 0.198958 0.544444 0.198437 0.545370 0.197917 0.545370 0.197396 0.546296 0.196354 0.546296 0.195833 0.547222 0.195312 0.547222 0.194271 0.549074 0.193750 0.549074 0.193229 0.550000 0.192708 0.550000 0.191667 0.551852 0.191146 0.551852 0.190104 0.553704 0.189583 0.553704 0.189062 0.554630 0.188542 0.554630 0.187500 0.556481 0.186979 0.556481 0.185938 0.558333 0.185417 0.558333 0.182812 0.562963 0.182292 0.562963 0.181771 0.563889 0.181250 0.563889 0.180208 0.565741 0.180208 0.567593 0.178646 0.570370 0.177604 0.570370 0.177083 0.571296 0.176563 0.571296 0.175521 0.573148 0.176042 0.574074 0.176042 0.575926 0.177083 0.577778 0.177604 0.577778 0.177604 0.576852 0.179167 0.574074 0.179688 0.574074 0.180208 0.573148 0.181250 0.573148 0.181771 0.572222 0.181771 0.571296 0.182812 0.569444 0.183333 0.569444 0.183854 0.568519 0.185417 0.568519 0.185938 0.567593 0.187500 0.567593 0.188021 0.566667 0.188542 0.566667 0.189062 0.565741 0.190104 0.565741 0.190625 0.564815 0.192188 0.564815 0.192708 0.563889 0.194271 0.563889 0.194792 0.562963 0.195833 0.562963 0.196354 0.562037 0.197396 0.562037 0.197917 0.561111 0.199479 0.561111 0.200000 0.560185 0.203646 0.560185 0.204167 0.561111 0.204687 0.561111 0.206771 0.564815 0.206771 0.568519 0.207292 0.569444 0.207292 0.583333 0.206771 0.584259 0.206771 0.589815 0.207292 0.590741 0.207292 0.609259 0.206771 0.610185 0.206771 0.612963 0.206250 0.613889 0.206250 0.624074 0.205729 0.625000 0.205729 0.658333 0.206250 0.659259 0.206250 0.662037 0.206771 0.662963 0.206771 0.665741 0.207292 0.666667 0.207292 0.667593 0.208333 0.669444 0.209375 0.669444 0.209896 0.668519 0.210417 0.668519 0.210938 0.667593 0.211458 0.667593 0.212500 0.665741 0.213021 0.665741 0.214062 0.663889 0.214062 0.662963 0.214583 0.662037 0.214583 0.659259 0.215104 0.658333 0.215104 0.653704 0.215625 0.652778 0.215625 0.643519 0.216146 0.642593 0.216146 0.634259 0.215625 0.633333 0.215625 0.623148 0.216146 0.622222 0.216146 0.612037 0.216667 0.611111 0.216667 0.604630 0.217188 0.603704 0.217188 0.601852 0.217708 0.600926 0.217708 0.600000 0.218229 0.599074 0.218229 0.598148 0.220312 0.594444 0.225000 0.594444 0.228646 0.587963 0.229167 0.587963 0.229687 0.587037 0.230729 0.587037 0.231250 0.586111 0.236458 0.586111 0.237500 0.584259 0.239063 0.584259 0.239583 0.583333 0.240104 0.583333 0.240625 0.584259 0.241146 0.584259 0.243750 0.588889 0.244792 0.588889 0.245312 0.589815 0.246354 0.589815 0.246875 0.590741 0.247396 0.590741 0.247917 0.591667 0.248958 0.589815 0.248958 0.588889 0.250000 0.587037 0.250000 0.586111 0.250521 0.585185 0.250521 0.584259 0.251042 0.583333 0.251042 0.582407 0.251563 0.581481 0.252083 0.581481 0.253125 0.583333 0.253646 0.583333 0.254167 0.584259 0.254688 0.584259 0.255208 0.585185 0.256250 0.585185 0.256771 0.586111 0.257292 0.586111 0.257812 0.587037 0.258333 0.587037 0.259375 0.588889 0.259375 0.584259 0.258333 0.582407 0.258333 0.580556 0.257812 0.579630 0.257812 0.578704 0.255729 0.575000 0.255729 0.574074 0.254688 0.572222 0.254167 0.572222 0.252083 0.568519 0.251563 0.568519 0.250521 0.566667 0.250521 0.565741 0.250000 0.565741 0.247917 0.562037 0.247396 0.562037 0.246354 0.560185 0.245833 0.560185 0.240625 0.550926 0.240625 0.548148 0.239583 0.546296 0.239583 0.544444 0.240104 0.543519 0.243229 0.543519 0.243750 0.542593 0.244792 0.542593 0.245312 0.541667 0.245833 0.541667 0.247917 0.537963 0.247917 0.535185 0.248438 0.534259 0.248438 0.525926 0.247917 0.525000 0.247917 0.522222 0.244271 0.515741 0.244271 0.514815 0.241667 0.510185 0.244271 0.505556 0.244271 0.504630 0.244792 0.503704 0.244792 0.498148 0.244271 0.497222 0.244271 0.493519 0.243750 0.492593 0.243750 0.489815 0.243229 0.488889 0.243229 0.487963 0.241667 0.485185 0.241667 0.484259 0.240104 0.481481 0.240104 0.480556 0.239583 0.479630 0.239063 0.479630 0.238021 0.477778 0.237500 0.477778 0.236979 0.476852 0.236458 0.476852 0.235937 0.475926 0.232292 0.475926 0.231771 0.475000 0.231250 0.475000 0.230208 0.473148 0.229687 0.473148 0.229167 0.472222 0.228646 0.472222 0.227604 0.470370 0.227604 0.469444 0.227083 0.468519 0.227083 0.467593 0.226562 0.466667 0.226562 0.465741 0.226042 0.464815 0.226042 0.463889 0.225521 0.462963 0.225521 0.462037 0.224479 0.460185 0.224479 0.459259 0.222396 0.455556 0.221875 0.455556 0.220833 0.453704
